Actual Value,Prediction
69990,69935.81
162990,124557.055
70090,60842.62
91990,97555.98
124990,131605.75000000003
99990,83994.41
56541,57151.59
129990,165670.0
53690,58364.09833333333
84990,79119.625
52990,52642.85
79990,100308.11
39990,36249.29
58990,56173.47
59990,77723.09
72990,77960.7
38990,40767.68
24990,22499.98
79990,74553.705
49990,54252.16
33990,36843.78
48990,52644.73466666667
84990,78217.67
76990,72090.83
162990,146404.86
63990,64670.32
52990,56663.71
76990,81695.62
159990,119436.51
291190,147740.84
41500,42098.59166666666
74999,70424.6
56490,60123.29
64990,63542.63
74990,66874.6875
109590,102182.25
43990,39990.42
42490,42875.48
88990,85553.51
98920,76432.975
99990,97800.95
25990,26352.913333333334
85990,129579.57
94990,106823.58666666668
91999,62531.65
36990,36806.36
37990,36761.57
49990,60193.58
52990,56999.23
76000,85129.07342857143
99990,115461.85
121990,137293.84285714282
42990,38816.58
74990,95157.72
99500,73034.295
99990,82088.46
84990,95157.72
57999,64934.28
55490,58098.45
60990,71336.6
104000,97504.555
69267,58173.45
225990,168641.86666666667
129990,137293.84285714282
34429,39842.793333333335
53990,60495.19
59990,64758.49
129999,106525.8757142857
35990,42832.07
58990,92459.00583333331
59999,62867.37
41490,42436.2
35990,39122.49
77990,60832.84
211753,184694.01333333337
41890,40959.89
46690,44289.63166666666
109990,143750.51
128990,140127.5
43970,45445.0
47990,53552.38
243990,168641.86666666667
82990,76349.68
41990,40376.26
46990,52657.8
94000,65963.42
84970,99541.13333333335
38900,44754.05
82000,73069.04
146490,129455.37
53990,55975.4
56990,62009.203
146990,127617.095
41990,49781.36
72990,79253.76
49990,56707.62666666666
162399,156749.93666666665
58090,56364.4
84190,81860.09242857143
49990,57287.14
48900,46313.89
106490,71258.02
43000,40613.43
41998,39409.38
77990,73649.56
41250,43399.8
299990,196921.5
49970,58003.49
42990,45325.0
114990,135933.36666666667
44490,54572.125
41990,47328.70333333334
59490,63445.87
45990,43731.36
52990,62570.525
32990,34204.2
54990,65595.87
122990,112432.6975
99999,97504.555
39490,36681.15
55490,61392.336166666675
